000001
000003
000004
000007
000010
000016
000021
000024
000028
000029
000030
000032
000041
000047
000054
000055
000056
000059
000060
000062
000066
000069
000070
000071
000079
000084
000085
000086
000088
000090
000092
000098
000099
000100
000101
000103
000108
000109
000110
000113
000117
000122
000123
000127
000128
000130
000135
000138
000139
000142
000143
000144
000145
000147
000151
000152
000167
000181
000191
000192
000193
000198
000200
000201
000206
000210
000211
000213
000215
000223
000306
000330
000335
000336
000349
000350
000353
000373
000865
000880
000892
000893
000894
000895
000896
000897
000898
000899
000901
000913
000943
001022
001023
001060
001064
001076
001218
001219
001220
001260
001275
001278
001280
001282
001302
001329
001348
001412
001419
001437
001449
001470
001494
001506
001530
001545
001734
001736
001739
001740
001790
001813
001834
001839
001840
001841
001844
001845
001849
001851
001865
001877
001878
001886
001916
001917
001918
001919
001920
001921
001922
001923
001929
001933
001935
001950
001955
001975
001980
002000
002004
002005
002006
002011
002015
002017
002022
002034
002044
002045
002053
